2008,.net,11,106,316272,1383	
2008,.net-3.5,3,14,77033,118	
2008,64bit,1,9,13841,28	
2008,actionscript-3,2,11,10245,46	
2008,air,1,3,3991,17	
2008,algorithm,1,9,8898,39	
2008,analytics,1,7,10446,24	
2008,annotations,1,3,5679,21	
2008,apache,2,17,63646,78	
2008,aptana,1,4,10389,17	
2008,architecture,1,8,18665,155	
2008,arrays,1,10,2945,31	
2008,ascii,1,2,3948,20	
2008,asp.net,3,12,9481,105	
2008,bcp,1,5,82101,51	
2008,berkeley-db,1,5,1709,13	
2008,binary-data,1,10,25923,68	
2008,branch,1,3,50994,133	
2008,branching-and-merging,1,3,50994,133	
2008,browser,1,23,89637,319	
2008,bytearray,1,8,6254,29	
2008,c#,13,153,732829,2676	
2008,c++,4,28,15774,99	
2008,c,2,13,10760,68	
2008,casting,1,1,6827,28	
2008,class,1,10,3305,18	
2008,cloud,1,10,2945,31	
2008,collaboration,1,5,2254,14	
2008,color-space,1,9,8898,39	
2008,colors,1,9,8898,39	
2008,com,1,1,1825,16	
2008,com-interop,1,15,8686,110	
2008,compiler-construction,1,9,9234,36	
2008,compression,1,8,1580,14	
2008,crash,1,5,1309,10	
2008,cross-platform,1,32,124204,90	
2008,css,1,5,10912,140	
2008,css3,1,5,10912,140	
2008,csv,2,22,126262,99	
2008,data-binding,1,3,15238,22	
2008,data-conversion,1,17,44161,48	
2008,data-storage,1,10,25923,68	
2008,database,7,85,136177,470	
2008,datatable,1,8,30218,72	
2008,datediff,1,31,89203,817	
2008,datetime,1,48,223405,862	
2008,decompression,1,8,1580,14	
2008,dictionary,1,17,279737,402	
2008,download,1,7,10446,24	
2008,eclipse,1,4,10389,17	
2008,email,1,18,61936,306	
2008,email-spam,1,18,61936,306	
2008,embed,1,9,124857,30	
2008,file-type,1,1,1947,15	
2008,flat-file,1,15,19328,56	
2008,flex,2,11,10245,46	
2008,fonts,1,4,1602,8	
2008,form-submit,1,16,120117,131	
2008,generics,1,1,6827,28	
2008,globalization,1,4,2019,29	
2008,gtk,1,3,5363,13	
2008,hex,1,2,3948,20	
2008,hook,1,8,18665,155	
2008,html,4,50,230281,628	
2008,html-form,1,16,120117,131	
2008,http,1,8,8278,28	
2008,image,1,5,7583,17	
2008,internationalization,1,4,2019,29	
2008,internet-explorer,1,3,722,10	
2008,internet-explorer-7,1,5,10912,140	
2008,iphone,1,9,66013,67	
2008,java,3,37,57345,109	
2008,language-agnostic,3,47,140708,156	
2008,linq,3,14,77033,118	
2008,linux,2,13,34036,66	
2008,lucene,1,3,2993,21	
2008,mailto,1,3,15263,15	
2008,mainframe,1,10,5397,55	
2008,media,1,9,124857,30	
2008,memory-leaks,1,15,8686,110	
2008,migration,1,5,2555,14	
2008,mysql,4,23,154856,209	
2008,nested-class,1,10,3305,18	
2008,objective-c,1,9,66013,67	
2008,office-2007,1,1,1947,15	
2008,oop,2,29,9662,51	
2008,opacity,1,13,21888,322	
2008,osx,1,4,1602,8	
2008,pdf,1,5,7583,17	
2008,performance,1,15,8686,110	
2008,photoshop,1,4,1602,8	
2008,php,7,82,164173,479	
2008,plugins,1,8,18665,155	
2008,pocketpc,1,3,722,10	
2008,printing,1,6,9615,38	
2008,python,3,26,14364,65	
2008,rdbms,1,8,30218,72	
2008,rdoc,1,2,925,16	
2008,reverse-engineering,1,3,5679,21	
2008,ruby,3,15,10512,54	
2008,ruby-on-rails,2,13,9587,38	
2008,scripting,1,9,9234,36	
2008,search,1,3,2993,21	
2008,security,1,13,53232,126	
2008,sitemap,1,1,974,15	
2008,sockets,1,10,5397,55	
2008,sorting,1,17,279737,402	
2008,sql,4,44,40421,164	
2008,sql-server,5,48,184781,370	
2008,sql-server-2005,2,9,104078,86	
2008,sqlite,1,3,1364,11	
2008,string,1,32,124204,90	
2008,subclipse,1,4,10389,17	
2008,submit-button,1,16,120117,131	
2008,svn,6,54,131896,451	
2008,tag-cloud,1,10,2945,31	
2008,theory,1,19,6357,33	
2008,timer,2,12,31906,88	
2008,timezone,1,23,89637,319	
2008,timezoneoffset,1,23,89637,319	
2008,tortoisesvn,1,3,50994,133	
2008,triggers,1,4,24855,55	
2008,type-conversion,1,13,21888,322	
2008,type-safety,1,1,6827,28	
2008,types,1,6,7606,27	
2008,unix,1,10,28673,53	
2008,vb.net,2,4,7181,55	
2008,vb6,1,1,1825,16	
2008,version-control,2,52,64101,271	
2008,versioning,1,7,6488,61	
2008,virtualhost,1,10,53200,54	
2008,visual-c++,1,10,28673,53	
2008,warnings,1,1,6827,28	
2008,web-services,3,12,66495,88	
2008,winapi,1,10,28673,53	
2008,windows,4,26,161544,90	
2008,windows-mobile,1,3,722,10	
2008,winforms,2,16,37126,344	
2008,x11,1,3,5363,13	
2008,xml,2,34,49340,88	
2008,xsd,1,1,606,9	
2008,youtube,1,3,5679,21	
